7,17,9,16,49,92,28,64,2,5
97,69,33,32,85,46,80,76,3,74
76,91,97,15,8,75,96,49,56,36
65,12,47,60,83,43,53,6,27,12
28,38,14,86,50,90,7,89,48,51
29,50,34,67,70,27,50,83,98,1
11,13,41,52,0,28,7,52,7,0
53,72,35,62,26,65,29,24,86,89
30,45,72,61,44,56,87,80,24,47
57,13,15,69,55,72,69,77,37,82
30,94,2,56,49,39,65,83,71,6
44,70,96,30,74,23,45,95,48,23
78,4,25,37,52,31,30,99,83,27
76,50,46,67,5,55,28,23,39,11
47,61,77,71,72,79,32,29,77,88
6,72,19,40,34,74,60,76,55,17
10,63,74,43,95,32,43,59,0,65
64,97,21,57,26,58,95,86,3,14
61,26,89,87,92,41,80,23,33,56
45,29,78,48,30,25,98,64,71,74
67,21,24,38,2,50,11,77,8,93
21,82,7,90,80,92,45,77,67,16
23,50,97,5,38,49,8,37,58,80
26,74,75,11,88,25,25,47,35,26
93,59,24,62,21,23,3,19,98,70
59,58,44,59,70,23,68,32,29,6
31,32,80,13,37,64,62,95,46,17
22,3,8,52,15,18,31,94,71,35
78,51,40,57,34,91,17,44,22,25
71,12,61,52,87,8,89,23,51,39
89,32,26,33,46,12,37,24,55,19
64,58,11,84,83,59,36,1,85,41
73,74,31,60,97,99,26,51,19,75
55,81,55,99,4,73,35,52,56,75
11,66,93,90,83,98,66,87,78,38
19,76,52,5,1,34,82,22,63,78
26,2,19,58,59,83,78,25,94,30
70,88,46,50,99,53,59,31,22,2
53,30,87,78,29,0,17,92,0,12
98,65,92,63,61,61,57,3,8,10
20,52,57,45,53,84,65,41,14,21
67,50,64,76,52,99,30,45,7,89
16,86,64,88,51,79,70,39,38,32
97,27,42,45,88,26,43,59,72,59
90,27,2,18,47,73,74,46,76,35
75,6,17,44,89,70,8,48,87,15
52,22,10,78,69,69,19,89,68,80
79,95,93,33,25,19,46,81,98,37
19,90,18,41,95,6,44,65,46,87
26,62,18,21,79,78,72,0,61,41
8,31,47,77,16,35,46,56,66,71
88,99,70,14,42,10,87,95,37,99
66,97,0,26,53,68,70,78,22,91
36,83,75,43,55,61,87,17,51,42
26,52,27,51,95,72,68,75,39,31
49,54,37,25,90,42,35,99,90,44
54,56,39,85,58,5,48,35,93,47
50,12,51,24,23,83,4,26,13,63
57,72,8,80,25,31,6,67,39,12
85,14,13,97,50,7,4,21,18,43
15,34,53,90,3,90,98,13,42,62
27,55,9,20,57,82,2,99,2,59
13,25,7,82,75,85,1,43,26,91
4,45,30,33,70,1,52,71,45,94
76,43,12,61,57,72,25,72,86,90
68,98,65,91,65,14,15,40,88,4
7,10,78,52,7,16,23,32,93,51
99,99,20,61,22,13,27,43,63,82
35,98,50,79,48,25,75,27,83,82
3,67,27,2,17,6,5,3,6,28
95,53,21,54,0,32,71,98,66,26
64,72,86,97,27,42,49,80,16,17
85,99,82,58,86,37,97,73,79,46
49,12,56,90,82,44,73,77,69,20
10,73,31,74,67,33,58,52,84,12
72,24,30,12,49,33,52,49,5,98
48,29,62,76,26,17,20,37,43,82
86,31,48,19,69,88,66,20,77,48
98,16,44,76,17,87,28,31,94,6
69,53,53,69,8,41,97,96,3,4
45,77,84,53,63,21,6,70,58,26
15,31,10,33,36,53,48,26,71,4
59,6,22,55,26,85,15,99,55,4
60,23,61,25,61,67,59,51,60,59
20,1,80,44,24,47,55,74,73,20
38,48,76,75,84,86,78,60,10,60
10,76,2,37,45,10,47,47,37,40
98,25,52,66,83,79,73,61,6,73
69,37,21,69,91,61,90,74,3,40
47,98,69,26,38,61,18,80,36,4
8,81,34,58,2,86,6,77,43,84
88,88,56,1,80,28,94,18,29,29
79,53,21,45,0,39,16,88,40,11
19,75,88,42,20,19,34,39,68,9
84,16,82,81,22,69,76,67,33,75
92,78,55,25,40,76,0,86,7,75
86,20,24,87,81,22,93,32,47,91
25,91,72,20,91,34,66,23,43,29
50,71,64,73,74,29,72,47,72,69
71,56,57,62,90,88,76,82,37,97
58,53,41,36,25,21,84,76,29,97
46,7,15,48,76,93,94,54,29,90
76,77,17,64,45,80,43,79,80,53
67,38,7,54,72,44,45,11,28,67
3,74,2,60,31,79,13,16,25,79
71,83,57,37,37,35,86,76,30,60
49,89,32,51,89,36,78,21,23,17
84,43,24,78,73,81,94,52,27,80
24,60,69,39,6,71,86,93,8,93
87,49,71,87,27,0,34,69,3,98
36,72,79,92,43,65,12,8,9,66
57,70,71,17,22,36,27,88,37,70
18,68,98,4,47,86,36,97,56,43
71,56,19,28,50,98,34,15,56,80
23,26,87,2,82,42,27,41,92,95
97,46,98,35,91,53,4,12,25,25
0,20,58,25,12,28,25,32,71,1
11,14,12,55,98,64,52,55,17,83
18,37,23,76,21,24,26,55,27,90
67,34,54,27,36,37,87,57,47,40
58,66,15,5,25,35,69,68,6,29
8,81,16,6,54,10,90,81,15,50
26,88,81,86,65,40,77,26,8,87
16,33,21,45,18,82,96,8,90,58
16,59,88,16,98,81,15,50,92,48
98,39,95,1,80,95,31,27,93,19
64,85,53,26,87,68,2,51,63,90
82,78,22,5,33,82,8,31,9,50
22,20,35,73,33,54,51,7,54,21
36,97,78,12,90,92,95,18,13,23
42,26,63,88,23,87,15,34,63,12
1,40,73,1,62,97,97,42,36,31
27,56,62,14,55,79,38,44,50,92
85,91,59,28,33,47,81,41,38,70
10,67,26,9,57,92,59,54,62,2
43,75,2,86,44,78,38,75,14,36
79,72,76,50,8,68,87,49,30,23
55,14,2,13,53,61,74,23,38,80
24,62,21,87,18,62,60,76,27,64
9,61,56,32,92,93,88,57,74,68
11,94,68,62,33,50,6,16,19,80
39,72,3,70,49,99,68,88,3,48
30,62,72,91,27,22,32,83,40,19
69,9,55,92,74,55,49,93,52,50
53,54,46,85,36,53,48,59,84,48
66,19,91,20,62,82,33,80,8,16
3,12,29,65,40,75,66,69,21,79
55,63,36,13,60,64,29,23,2,54
2,3,31,48,55,27,32,65,10,5
7,81,9,34,37,30,52,14,2,78
78,0,72,7,84,21,95,40,45,30
2,90,90,59,3,75,85,18,41,10
22,98,3,61,22,30,66,33,68,61
28,52,6,7,43,77,45,42,32,33
37,84,17,1,23,54,91,49,6,42
22,8,72,25,19,21,46,87,27,50
44,53,98,59,31,45,91,67,46,41
88,52,99,22,6,17,10,71,81,93
12,47,34,38,50,16,51,92,78,78
45,9,67,44,73,6,41,50,49,83
56,64,1,44,86,39,25,64,71,26
99,0,25,77,2,14,54,33,39,94
97,39,23,21,75,84,14,89,38,85
88,79,15,81,28,22,50,24,44,27
50,7,39,21,57,27,98,34,5,26
79,8,28,97,22,44,30,67,32,85
64,39,44,97,91,27,14,57,20,85
60,78,58,14,67,77,66,9,77,99
26,10,59,73,94,1,82,81,65,27
98,37,74,12,35,86,43,86,5,73
18,65,12,89,89,96,78,26,94,97
19,1,26,9,70,42,15,15,66,99
35,99,74,54,85,59,10,10,68,18
7,91,43,21,37,40,97,24,43,95
20,97,49,44,38,63,94,22,19,42
94,59,38,87,30,83,44,25,28,45
10,64,74,86,76,45,62,79,23,21
20,5,92,70,83,44,11,57,31,57
66,59,44,38,36,44,32,56,3,85
91,19,73,50,96,39,55,12,32,74
22,33,31,35,7,47,40,41,72,90
15,96,17,74,85,18,54,56,91,14
70,37,39,28,37,38,67,49,35,11
14,92,40,3,14,26,40,45,44,55
72,9,19,19,35,42,7,40,88,89
58,85,17,35,1,16,5,39,93,52
0,6,90,11,43,72,96,44,27,72
77,1,18,40,67,80,81,20,2,44
13,38,39,71,57,23,24,58,6,57
1,77,62,24,92,85,84,10,33,16
60,23,28,49,23,18,87,69,13,8
1,90,19,95,61,14,37,82,41,12
28,40,66,83,30,78,57,36,99,55
21,71,24,91,44,85,7,16,35,46
73,45,29,62,56,20,96,78,98,4
12,92,55,28,54,27,95,20,13,66
11,33,35,36,90,52,78,27,61,0
91,74,97,88,33,3,33,65,0,6
2,89,80,91,2,10,28,96,38,73
39,88,29,94,29,48,67,45,89,37
59,52,48,37,11,37,14,91,46,71
45,58,15,16,29,34,23,92,12,43
21,42,31,74,62,17,54,74,1,75
26,40,83,78,52,20,77,67,3,33
46,12,34,14,21,89,4,15,44,80
29,79,34,15,98,28,55,3,66,50
30,78,92,88,42,88,0,42,98,67
5,48,50,46,45,44,42,18,5,91
10,33,5,56,76,79,60,74,63,6
25,61,49,89,17,77,80,13,37,31
34,73,43,85,78,96,53,17,72,49
19,50,48,27,71,31,4,35,28,68
81,79,99,2,7,85,13,67,88,33
93,96,30,92,50,21,90,2,54,67
38,95,91,60,56,38,43,99,49,70
47,74,16,99,52,86,86,73,5,50
35,61,49,9,1,65,30,90,6,25
48,45,12,75,24,36,56,79,17,60
67,98,92,15,85,45,80,68,12,11
76,22,38,59,26,88,71,35,6,93
53,23,24,84,51,86,27,8,25,72
21,75,98,76,64,93,68,25,59,32
81,73,51,54,54,37,42,7,33,96
42,46,76,66,12,39,98,44,39,11
19,63,83,31,7,11,62,22,8,91
9,27,71,79,86,64,74,82,67,46
13,85,59,5,7,24,37,7,97,4
89,36,5,19,71,5,89,49,11,48
30,67,83,24,96,98,48,38,16,46
27,96,89,77,5,69,42,63,87,54
29,95,52,40,80,28,33,92,4,27
30,13,79,2,75,84,51,6,2,10
42,41,68,49,85,74,27,36,97,46
82,39,56,1,81,84,77,26,61,21
32,85,80,58,33,26,2,82,37,95
43,82,50,75,57,74,91,17,18,57
3,37,50,36,92,34,27,62,69,25
27,51,94,22,28,99,4,69,52,30
64,12,71,51,64,56,1,46,45,65
89,7,89,29,72,41,77,9,3,67
27,70,7,34,49,70,31,48,54,6
97,45,18,54,80,41,94,37,14,54
70,7,73,16,7,16,22,58,73,86
73,51,57,52,5,75,17,71,21,33
85,97,54,30,35,16,75,76,78,69
67,57,7,63,61,34,28,88,81,40
38,79,80,14,93,86,54,57,75,51
33,70,54,50,17,58,17,11,7,8
57,0,71,91,43,37,18,46,62,12
34,23,83,90,72,88,21,58,12,97
10,11,31,58,77,42,63,88,22,55
93,53,31,38,40,45,2,8,67,44
15,8,51,13,37,39,42,65,61,96
56,42,10,14,16,47,37,19,45,61
73,92,40,18,52,7,9,50,48,61
81,0,80,36,13,69,39,32,82,44
35,22,94,80,28,37,76,75,84,27
13,35,14,17,69,37,87,3,6,51
89,75,19,14,89,96,45,32,77,78
35,43,29,17,39,36,2,24,90,20
0,89,57,53,78,23,87,48,78,67
34,15,50,31,74,90,57,84,17,0
71,88,34,76,0,14,57,1,10,86
15,76,94,29,79,4,84,85,56,81
7,45,91,94,98,41,77,12,78,5
83,12,30,16,74,32,80,72,10,36
52,29,14,0,74,3,65,59,28,52
4,42,82,63,92,17,34,92,93,19
82,46,57,65,24,7,12,40,17,11
36,52,30,62,92,28,39,7,97,95
87,92,4,4,69,88,61,79,93,57
2,57,58,7,17,90,88,5,75,66
19,63,28,25,38,32,44,4,98,50
29,14,56,0,80,83,18,64,2,29
91,36,87,16,97,0,46,16,95,77
76,7,33,40,83,36,79,97,35,88
15,59,80,83,59,33,27,39,26,32
35,74,8,40,84,90,77,89,43,46
63,88,42,75,72,62,55,48,49,65
32,80,86,41,45,67,52,91,17,0
77,6,32,14,96,26,34,37,88,2
46,61,55,66,10,54,44,54,50,46
1,94,60,12,19,34,50,97,88,10
71,70,11,16,1,34,36,18,81,2
91,4,6,47,63,74,71,64,52,7
99,25,70,30,86,59,73,9,82,74
22,29,57,5,76,29,30,53,59,75
44,37,70,14,54,43,56,77,34,52
70,56,65,42,40,65,95,35,38,15
92,57,82,8,6,60,59,44,16,12
30,2,64,38,61,95,24,6,64,62
6,80,80,19,26,55,0,5,11,22
15,18,78,82,36,13,19,33,13,84
69,58,83,95,52,85,87,1,67,22
38,58,16,86,83,4,37,91,13,16
60,18,7,48,11,30,69,14,67,11
90,74,90,8,72,53,81,94,61,72
35,3,7,49,20,8,74,77,45,43
63,14,33,61,97,75,19,60,4,83
3,5,77,47,39,24,37,49,46,61
91,50,28,36,9,95,5,68,95,3
44,85,70,33,68,0,84,1,50,96
85,78,14,60,56,44,56,53,52,79
28,41,9,48,86,49,95,35,55,71
96,99,97,93,39,2,10,75,65,25
52,39,9,9,65,88,89,99,30,32
35,74,46,4,58,31,44,95,29,26
31,25,70,40,32,6,1,48,78,14
24,80,77,69,59,96,11,77,49,58
87,28,53,31,41,64,43,54,52,1
27,87,17,51,17,54,92,56,16,25
48,13,13,40,41,77,47,64,85,31
72,68,52,62,46,62,92,23,92,53
41,67,2,71,60,42,97,53,63,48
16,70,21,68,83,46,84,39,9,9
55,26,81,46,42,80,63,66,96,99
29,52,59,2,13,82,45,53,41,61
44,89,90,7,77,91,31,71,10,23
46,87,63,6,73,26,31,21,43,8
53,33,18,87,6,65,49,79,59,79
54,78,51,28,25,59,83,85,73,70
91,78,73,45,28,91,0,89,53,66
82,75,10,93,10,66,27,5,24,99
83,68,92,29,80,87,38,59,84,4
81,87,7,64,26,80,28,68,14,60
62,38,29,8,95,35,58,54,72,89
24,62,32,87,19,13,79,77,55,30
95,10,27,66,78,4,18,0,4,63
59,86,92,86,62,27,29,27,90,18
54,98,40,32,19,54,15,82,40,20
94,6,25,72,54,39,96,50,40,0
43,22,82,51,73,65,19,96,64,73
54,26,77,43,1,32,15,39,19,24
55,76,38,12,53,75,83,71,5,50
88,9,21,91,53,51,43,11,88,54
55,45,14,46,49,4,82,2,37,15
32,15,28,29,52,71,88,89,74,60
77,25,62,78,43,52,9,14,64,97
47,58,18,38,65,26,86,54,23,12
80,87,46,87,63,68,15,73,30,83
87,64,25,67,7,1,73,94,57,85
42,90,34,35,3,2,64,58,45,84
20,56,81,73,76,9,64,41,67,95
14,25,93,86,63,31,58,35,26,13
32,98,44,95,60,82,3,11,15,71
76,18,22,34,64,58,40,79,40,74
92,96,60,39,90,58,76,61,91,43
51,81,53,67,69,47,86,3,53,18
78,19,88,49,96,96,80,58,24,99
29,2,19,89,45,52,8,8,21,98
39,79,55,94,49,7,79,82,7,78
46,36,20,36,14,89,74,92,33,40
37,84,0,34,26,94,41,22,71,97
20,73,77,16,51,48,76,42,13,13
7,98,85,3,62,45,88,48,92,98
84,70,39,70,41,0,8,75,71,36
77,19,70,42,9,45,22,34,14,76
22,43,10,27,7,80,4,26,31,93
59,56,97,7,17,62,41,79,58,55
83,33,28,28,68,46,7,88,9,18
78,45,44,8,92,11,7,35,38,51
36,57,86,36,19,30,49,54,10,84
86,14,46,31,78,99,60,68,56,14
31,46,1,10,34,93,18,80,11,95
4,13,77,6,37,90,51,65,77,76
89,19,7,70,44,92,60,24,72,17
91,18,69,12,43,6,0,94,63,99
59,58,29,27,16,40,45,7,96,22
54,86,3,62,25,77,68,37,85,31
34,48,8,30,87,70,88,40,30,62
20,95,52,99,62,32,15,41,29,15
3,14,59,46,34,83,89,72,99,62
28,72,52,74,8,3,48,13,76,46
84,69,40,57,26,41,31,58,12,0
53,34,39,74,78,43,20,34,21,42
68,31,8,24,32,98,57,96,0,77
46,40,78,72,7,97,20,50,56,96
6,90,25,83,5,76,1,98,99,25
0,76,40,24,34,26,96,8,93,94
32,71,47,72,76,10,61,18,58,96
28,26,40,85,34,23,76,61,5,21
85,79,91,42,6,41,94,29,83,25
40,17,4,84,83,47,78,55,18,41
73,17,60,17,12,41,83,18,97,16
30,86,92,49,36,51,43,26,92,19
12,8,24,92,59,79,98,34,12,44
35,42,57,7,32,11,21,56,52,79
35,27,52,35,42,1,10,96,98,58
83,59,33,37,87,12,86,39,23,20
30,60,83,8,37,31,8,46,30,1
18,71,11,49,94,70,65,83,61,29
28,71,76,50,69,37,20,25,96,8
24,49,4,0,39,80,82,81,80,57
49,13,4,1,12,14,89,90,31,54
65,13,81,35,55,26,8,19,76,46
21,57,71,21,78,87,29,86,51,13
35,16,57,82,70,34,95,45,85,63
83,78,55,53,52,60,36,5,97,88
10,4,91,16,93,84,9,21,31,13
52,55,42,51,90,44,48,22,88,39
30,98,96,4,78,65,61,68,42,73
22,55,6,7,31,39,61,94,75,27
5,34,99,18,93,6,92,54,75,17
46,53,79,41,0,15,7,68,97,92
7,28,78,53,12,58,36,43,53,8
73,85,89,73,30,16,52,22,18,72
86,10,33,13,70,74,94,23,92,59
64,80,53,5,9,81,81,10,7,80
7,97,83,13,69,53,29,83,34,17
42,47,49,86,98,32,5,51,66,73
83,29,81,36,93,73,15,91,64,47
35,15,40,45,66,33,40,59,1,77
81,89,87,38,41,8,89,46,16,74
32,44,8,36,49,68,62,34,68,96
1,60,78,6,19,28,72,37,34,14
1,40,59,5,41,37,96,21,37,3
49,7,79,65,41,34,35,8,18,29
32,31,32,10,88,41,46,2,58,32
20,88,26,81,0,29,52,53,29,49
47,79,50,24,37,67,88,15,83,59
19,83,7,29,82,73,2,10,31,91
97,86,81,6,95,97,2,30,24,73
9,27,62,98,45,18,53,71,36,48
79,59,30,79,89,57,78,76,96,52
51,96,31,68,89,83,5,10,27,66
9,82,66,13,15,23,16,26,35,88
89,21,40,47,51,65,14,67,8,20
33,71,86,11,58,21,17,89,72,69
73,18,32,83,46,64,73,48,11,10
7,10,4,58,73,86,69,73,98,40
29,28,13,86,80,58,24,82,63,5
95,41,58,47,95,57,52,35,61,67
24,64,85,34,32,58,43,65,46,7
85,15,84,14,21,59,96,8,19,41
33,71,11,84,14,36,11,79,25,80
70,50,65,83,5,47,41,30,21,1
56,12,64,5,73,35,73,84,95,97
69,45,47,98,7,45,99,13,92,77
67,75,9,83,7,96,83,70,99,49
37,40,36,2,13,93,68,38,56,22
53,33,88,44,79,35,95,52,59,22
34,88,9,26,46,75,82,5,15,85
3,88,99,47,25,23,69,71,2,93
27,1,38,5,23,66,43,65,40,24
19,60,22,67,15,47,59,18,54,11
74,55,44,95,56,50,5,70,44,8
34,5,49,85,58,35,53,7,42,29
78,82,75,97,82,82,30,58,19,24
78,87,82,54,82,38,83,9,46,91
47,8,40,30,34,86,96,9,8,40
73,39,12,71,55,11,59,34,57,73
8,69,39,68,84,26,10,40,77,3
49,62,40,93,93,3,36,44,61,70
99,29,7,90,91,77,86,61,82,83
4,30,62,49,9,10,8,59,67,78
94,50,38,16,96,45,59,33,80,71
5,58,41,28,96,68,66,33,85,27
49,63,79,89,34,0,76,69,7,26
53,95,65,21,53,15,8,0,29,95
5,47,68,21,56,32,88,94,30,83
0,21,73,69,23,16,92,85,76,81
99,71,85,48,15,95,45,77,70,9
72,14,93,11,65,92,39,94,51,19
23,7,23,91,67,50,39,65,59,98
24,71,97,65,97,89,31,29,23,81
40,56,86,74,60,65,97,57,2,76
94,1,43,53,54,85,17,4,0,24
84,57,81,69,70,40,55,65,1,48
95,3,64,46,38,18,31,7,48,50
13,94,20,41,13,25,0,40,37,59
20,91,54,4,71,93,0,68,91,65
71,34,5,47,68,86,84,43,25,42
62,18,88,95,18,94,43,26,10,7
89,65,85,63,86,25,30,98,72,46
7,93,22,84,44,25,34,92,20,69
31,23,47,17,71,95,83,93,5,66
44,94,71,85,6,19,11,57,65,92
15,74,17,56,53,78,78,42,80,49
43,56,93,0,66,91,94,30,75,42
68,63,34,37,6,8,84,61,98,12
2,7,67,59,88,55,53,68,5,13
68,28,68,43,22,78,60,16,65,89
54,28,72,23,87,88,77,48,97,30
46,42,67,0,42,1,80,98,65,42
42,85,92,30,51,54,38,57,97,89
60,88,20,60,72,0,64,11,50,9
47,62,80,91,24,9,78,53,22,36
86,4,76,52,15,10,57,47,87,44
57,72,79,38,66,2,77,39,9,39
64,21,70,96,79,55,7,28,29,10
53,90,31,77,5,69,49,49,29,92
54,53,47,87,98,7,19,53,54,8
10,79,74,3,68,77,92,34,82,88
94,36,45,8,54,23,87,61,37,54
35,57,57,11,97,73,61,64,32,26
23,99,91,2,14,44,63,68,70,35
19,73,88,12,31,89,43,84,31,26
69,85,76,52,40,57,89,78,96,32
35,5,74,76,55,6,43,14,46,51
26,56,99,27,97,57,26,62,51,82
5,38,12,43,42,87,62,9,15,22
15,59,50,5,20,91,7,15,33,41
65,79,28,3,69,46,24,0,98,23
50,67,60,43,14,7,40,91,52,57
69,42,70,58,65,79,72,96,19,27
72,60,9,83,31,57,36,75,32,0
87,63,99,52,5,55,67,93,39,95
81,90,17,64,18,60,50,10,55,22
19,75,31,43,29,37,3,67,59,16
67,78,14,27,50,37,76,97,14,18
60,76,74,89,57,62,29,38,19,52
40,15,94,32,80,51,49,82,14,43
87,63,20,4,46,3,88,98,57,34
1,26,88,65,22,96,43,15,96,87
59,3,25,9,98,53,58,95,70,61
93,78,36,95,83,73,3,86,21,47
56,4,15,20,6,60,94,16,11,31
56,92,66,87,70,98,81,90,17,83
71,47,90,24,61,84,96,54,66,29
8,4,64,56,88,60,67,11,54,97
27,18,99,36,33,73,92,12,28,59
57,92,76,60,1,73,72,18,79,38
69,79,86,60,7,19,72,74,38,50
1,70,9,48,99,91,3,29,10,4
50,60,38,57,5,4,5,28,99,42
47,70,66,78,30,69,75,20,35,67
23,66,3,33,94,90,66,34,48,83
97,50,65,21,20,71,67,78,63,55
95,6,34,80,5,56,61,18,92,63
26,99,74,43,29,57,82,30,81,48
17,14,33,82,51,39,52,37,33,66
22,21,32,48,83,11,96,65,98,54
0,80,7,29,56,65,71,1,53,10
65,25,44,99,25,20,9,81,24,16
79,2,87,93,93,11,94,4,29,14
50,34,5,3,67,53,75,79,84,83
78,49,8,14,23,89,13,12,94,47
21,11,21,40,5,40,20,3,91,98
79,15,96,55,44,17,50,19,54,18
48,45,2,87,40,47,66,46,50,77
96,93,99,18,4,37,53,3,27,8
11,58,79,88,65,83,5,56,92,97
50,98,64,24,17,65,12,10,11,95
72,21,97,59,38,62,67,64,39,88
87,67,36,95,60,12,8,79,56,62
54,96,49,54,4,72,3,21,27,74
4,11,82,34,34,49,55,78,55,86
73,60,47,18,15,45,70,48,54,67
17,78,98,18,46,19,59,77,72,81
27,40,12,56,33,70,31,48,56,54
18,31,90,99,93,11,32,5,61,99
15,90,83,88,5,98,81,28,34,35
15,51,15,90,28,35,24,63,28,2
18,15,66,2,28,41,95,77,91,6
58,34,86,34,99,56,99,65,82,74
96,18,9,65,6,87,11,91,92,26
96,5,69,41,90,12,39,54,74,20
28,73,23,73,79,14,37,63,53,14
70,89,66,58,38,38,50,0,1,89
8,23,41,60,78,58,91,89,41,42
86,72,68,49,31,67,59,26,68,79
53,85,84,17,11,11,46,71,34,76
34,89,41,31,92,63,43,13,51,52
83,16,10,61,57,10,79,93,10,45
86,54,49,55,61,13,40,92,28,42
62,16,74,79,66,35,84,94,58,87
32,78,39,22,84,0,64,5,97,99
59,8,89,83,7,91,19,14,33,99
57,80,6,75,50,30,72,50,20,22
13,30,30,18,33,82,30,23,34,73
60,5,31,44,42,22,1,2,76,91
88,34,17,22,49,61,49,10,95,83
19,53,26,26,3,14,60,49,73,20
9,43,88,14,45,99,68,15,49,75
12,41,60,42,8,15,77,83,80,37
74,10,74,9,19,9,65,64,89,84
52,46,79,6,6,74,66,10,65,94
13,99,77,36,87,88,90,43,29,25
86,65,1,66,61,45,50,30,43,92
87,33,89,33,18,86,84,99,81,25
35,48,19,53,65,11,77,78,94,38
53,73,15,31,97,81,24,37,61,18
94,59,67,21,74,89,60,4,97,39
35,0,99,24,33,21,87,55,55,9
89,56,97,85,23,34,98,25,58,25
82,99,49,29,76,24,76,26,75,63
98,70,43,23,45,73,42,96,39,72
21,33,95,94,73,41,2,3,99,75
29,22,40,93,20,30,55,30,27,97
73,24,85,18,10,41,33,5,13,5
90,29,98,58,72,70,1,95,41,26
16,20,23,58,30,30,67,73,63,87
50,9,48,98,13,13,31,80,38,79
16,0,55,15,51,63,39,94,29,22
43,94,23,78,40,75,90,5,30,11
5,94,99,82,14,25,46,27,43,59
13,96,74,38,30,2,71,6,29,61
78,31,97,76,73,30,30,32,83,23
94,99,77,77,16,40,85,30,36,90
53,93,30,30,71,3,39,17,47,38
75,71,62,68,57,91,8,0,99,5
49,54,94,11,13,50,10,59,87,9
96,80,90,15,41,63,2,5,19,41
42,62,70,72,94,53,45,73,28,3
80,82,92,38,55,92,64,75,5,39
7,84,81,5,6,98,78,17,73,66
13,2,65,55,73,45,62,1,97,32
60,85,61,19,7,66,91,85,0,2
56,21,45,69,12,15,16,24,0,74
31,6,74,99,95,66,74,96,74,68
23,48,49,37,26,97,76,90,72,68
26,96,84,91,88,16,87,31,85,50
4,5,16,28,8,13,97,1,70,51
95,47,85,79,78,2,15,2,66,51
54,86,1,65,25,87,86,32,68,76
48,60,78,27,72,88,93,56,50,25
93,49,55,33,30,78,16,2,43,8
85,80,19,38,21,6,59,80,62,1
23,60,41,26,94,26,99,51,72,59
55,90,39,34,75,66,18,48,3,11
31,10,1,77,1,57,23,8,50,50
56,60,98,24,97,92,23,59,57,76
26,47,7,40,24,26,36,35,42,43
6,94,99,24,18,55,59,95,31,90
53,9,76,12,79,92,68,29,82,75
94,0,25,48,59,51,63,98,8,84
69,4,13,43,70,50,0,65,65,0
28,63,49,10,66,21,93,23,97,67
95,1,6,82,19,85,39,74,93,52
69,11,23,7,53,34,98,89,19,32
32,55,31,3,42,31,82,84,56,18
33,72,34,53,97,22,32,19,50,87
74,66,93,67,9,23,50,83,89,63
47,31,63,52,43,45,20,34,40,81
85,40,91,78,39,71,91,69,6,14
0,88,10,66,74,69,1,57,91,50
8,50,73,15,70,77,33,71,3,74
68,54,83,39,88,3,5,75,68,2
75,45,42,47,68,26,2,43,97,52
0,23,27,81,43,43,18,80,72,39
38,31,42,26,38,60,99,68,9,38
76,74,94,97,0,98,65,94,7,20
65,1,18,94,1,88,14,99,49,22
81,50,30,5,58,22,62,58,77,10
43,34,64,56,20,93,61,46,1,4
91,57,23,0,33,82,99,71,58,60
29,78,44,49,83,72,96,48,36,99
38,23,79,57,14,0,11,10,90,24
56,5,8,25,13,37,64,49,97,55
63,69,42,93,72,14,61,77,28,43
83,88,17,28,76,54,91,63,5,48
82,26,85,26,9,57,26,79,8,25
43,82,74,98,18,35,89,98,19,99
54,88,59,96,46,48,83,49,4,73
26,99,14,29,78,10,81,64,19,15
88,36,73,90,53,20,27,35,24,85
54,21,86,26,33,72,86,65,40,6
83,92,20,2,89,40,17,32,42,26
3,12,45,56,46,10,77,55,65,58
13,10,78,9,25,86,8,56,41,38
47,6,57,46,21,38,56,1,55,99
75,44,18,95,10,30,92,70,83,41
34,36,67,95,99,26,9,55,40,0
78,90,0,47,63,7,92,50,34,43
83,8,88,49,52,52,0,62,65,62
61,93,28,72,98,91,81,49,23,61
78,23,73,79,66,59,47,90,37,23
32,49,67,8,92,98,86,38,98,92
29,10,81,52,74,99,99,97,71,32
88,1,4,62,67,71,78,9,91,11
21,61,21,57,81,20,25,66,22,18
65,92,74,2,97,88,8,12,6,23
94,29,78,86,24,84,44,44,0,49
41,15,71,56,6,21,58,86,82,21
3,64,69,17,30,83,83,9,51,33
94,91,14,55,50,77,62,46,31,0
72,15,23,85,3,87,94,23,38,68
23,56,66,32,16,17,66,48,65,49
6,44,4,74,67,26,49,85,72,20
97,68,34,19,19,45,42,54,2,29
28,85,84,42,69,41,89,95,70,1
13,79,25,45,75,21,16,58,41,66
0,9,97,4,61,94,19,4,39,11
94,52,10,65,77,36,67,35,86,82
74,74,45,80,40,42,36,74,18,83
64,85,85,94,8,20,42,19,89,17
14,20,61,76,70,49,46,33,20,60
64,19,17,51,35,62,0,96,10,70
69,33,44,14,99,3,45,88,25,65
19,45,19,50,72,49,73,95,35,49
72,50,94,47,41,96,82,81,88,22
78,40,53,85,11,99,11,19,93,55
77,62,76,7,43,68,54,71,95,81
92,53,36,45,12,36,28,58,73,40
4,26,59,82,30,61,51,22,64,67
59,31,96,85,43,92,77,55,71,90
55,17,33,93,43,71,87,7,22,55
42,75,89,57,38,87,71,31,98,87
78,27,84,3,12,63,18,35,77,71
76,33,82,61,10,47,86,22,27,24
93,49,28,30,5,91,83,39,37,70
67,69,34,82,76,50,50,54,88,52
39,43,21,14,48,20,75,45,55,98
51,19,35,7,55,98,47,83,81,21
0,42,21,68,59,1,62,5,94,60
25,96,64,60,1,63,85,83,49,99
40,73,24,60,98,81,15,99,80,50
80,94,8,56,38,25,9,88,6,13
79,35,45,98,95,34,33,38,5,28
94,4,37,57,69,86,71,48,51,0
58,23,5,75,96,6,53,71,96,30
97,24,23,89,99,43,36,56,76,93
15,53,83,8,60,50,75,39,41,90
69,1,84,79,64,38,34,26,46,54
21,60,99,39,60,45,73,54,44,47
19,61,96,88,24,92,87,5,61,14
39,73,72,47,50,38,40,32,36,51
76,51,91,65,67,54,23,31,22,7
98,83,2,70,96,91,82,23,77,10
44,54,80,36,4,61,48,95,69,53
39,49,49,53,90,7,46,89,39,36
2,11,70,15,31,64,15,57,67,69
34,29,72,20,89,75,37,3,27,24
4,81,98,24,60,29,3,44,15,12
50,42,53,85,76,72,17,31,53,14
0,91,3,85,87,93,66,74,35,90
90,42,65,92,11,16,57,22,20,16
70,70,2,67,23,49,17,57,86,83
65,55,2,72,43,27,28,15,30,89
70,61,34,24,75,18,40,41,60,25
11,72,1,9,36,98,32,92,36,20
2,23,28,66,19,65,98,3,5,99
67,44,78,45,73,72,83,26,82,16
49,33,72,76,9,27,68,19,4,18
53,71,34,81,98,81,21,45,85,68
6,37,43,48,3,53,25,11,68,22
85,36,16,74,41,32,29,82,21,90
8,34,5,94,30,92,90,63,18,81
90,35,80,81,83,48,82,62,45,72
43,44,40,25,73,25,96,59,70,56
73,23,82,76,7,74,17,63,10,48
16,92,71,71,63,54,59,15,29,99
58,76,31,42,40,87,40,93,56,78
23,86,78,47,19,69,67,27,39,75
88,52,37,86,28,37,58,58,86,16
53,52,71,75,25,62,73,50,33,50
78,0,90,20,13,68,35,12,53,21
98,97,17,59,87,56,11,73,78,88
98,64,62,82,36,80,57,37,3,90
76,65,53,70,31,91,57,0,42,13
62,55,79,79,17,37,73,45,74,19
90,51,13,64,28,52,97,48,66,59
10,52,17,42,93,64,19,52,88,98
5,5,37,74,56,74,75,27,58,82
4,34,11,69,83,81,80,94,75,19
44,92,1,62,72,23,74,6,25,10
0,34,54,39,50,69,49,38,17,64
64,38,30,67,8,36,34,37,64,93
61,88,36,68,98,66,18,83,21,11
58,80,18,84,42,68,30,50,37,99
21,28,62,73,79,45,66,93,49,70
65,81,23,52,90,35,31,39,61,75
88,20,86,18,6,33,46,79,92,86
9,60,4,15,19,44,55,89,88,64
19,39,32,33,81,79,89,73,8,37
18,97,90,12,60,63,76,63,52,84
24,4,72,23,33,89,65,82,66,39
75,73,69,40,55,97,96,44,25,69
63,49,57,53,76,40,17,57,11,96
66,20,30,86,7,31,90,14,79,76
69,54,42,4,75,93,80,45,87,60
51,73,94,73,51,57,56,56,44,34
64,79,26,18,19,53,10,59,37,19
53,85,6,79,46,89,56,23,73,42
34,11,27,31,62,43,10,64,25,15
61,71,87,64,62,27,2,92,56,61
95,15,51,65,40,70,18,28,41,8
16,84,86,20,92,73,15,53,56,83
23,2,78,73,76,91,96,42,39,0
93,95,36,73,13,57,48,6,3,29
15,34,43,33,50,44,87,33,21,93
83,68,55,1,96,2,50,56,94,56
95,41,42,78,95,63,67,88,68,97
5,15,11,12,88,40,74,82,95,8
79,62,60,31,99,35,61,67,3,92
2,64,44,14,35,26,54,13,45,11
79,36,23,68,0,86,97,66,18,80
41,2,99,89,76,47,78,49,9,84
77,77,98,18,28,88,75,51,3,61
87,77,53,94,65,90,93,88,88,73
71,24,0,59,39,20,65,24,93,7
36,53,64,1,16,19,23,35,18,97
35,80,21,10,10,45,0,26,5,51
28,73,0,46,69,47,80,16,81,66
50,32,28,65,90,27,34,46,43,47
21,0,33,71,71,63,39,65,20,84
97,33,12,65,53,83,99,10,1,82
55,7,44,73,88,66,49,47,91,95
30,87,80,68,15,49,29,75,67,36
52,76,1,4,6,41,95,59,43,24
39,33,34,64,15,54,30,46,51,82
71,47,52,31,78,0,83,86,75,15
63,24,41,46,40,27,37,9,25,58
5,80,7,9,92,3,35,46,42,51
6,82,5,82,51,45,8,62,38,66
53,18,9,37,66,78,40,22,61,54
7,95,60,76,31,18,84,87,13,86
25,7,66,77,99,50,53,3,77,60
48,17,39,9,27,76,24,92,55,9
58,96,17,95,76,14,15,84,21,49
16,62,87,28,21,57,32,22,69,81
82,24,9,27,78,30,89,73,18,12
70,92,23,98,60,9,10,71,69,24
29,56,69,77,59,72,17,16,8,19
59,53,46,16,36,37,52,92,29,48
1,78,4,24,82,80,35,46,2,84
55,9,87,28,78,12,33,36,31,93
67,43,48,9,2,33,38,2,18,88
49,16,12,77,23,91,38,59,42,86
31,79,98,90,63,74,17,99,66,20
27,32,13,29,87,21,77,15,67,97
28,25,44,90,88,78,29,19,7,22
38,1,53,1,82,41,40,18,50,85
34,84,73,86,22,82,80,95,16,90
7,76,31,20,14,26,60,66,47,11
29,5,53,82,62,66,99,93,76,74
59,79,92,19,16,13,58,61,55,44
66,94,93,39,89,71,32,99,25,91
37,23,76,5,98,53,3,6,64,23
58,56,10,68,1,99,82,15,21,39
45,35,52,11,3,48,76,33,5,98
99,78,63,19,76,21,58,96,62,8
74,21,38,48,74,30,28,71,57,91
67,99,9,14,6,97,91,88,10,67
61,82,97,83,20,68,81,46,75,13
43,42,5,45,68,69,43,11,54,62
97,57,76,21,27,90,87,27,50,52
53,56,49,65,99,70,85,64,15,11
23,49,41,63,49,85,68,63,94,51
6,58,96,45,28,98,84,39,3,63
51,99,87,37,27,52,46,75,70,33
54,25,33,7,29,22,5,87,34,59
90,15,13,41,0,71,7,37,55,92
95,7,20,37,82,45,81,18,6,50
95,94,43,7,94,68,59,0,11,98
86,76,95,39,10,12,82,68,65,59
56,30,95,25,39,6,12,80,95,29
74,55,71,55,36,77,48,4,25,90
17,71,8,47,73,67,30,79,46,50
31,55,87,40,46,43,89,2,79,39
79,46,67,45,92,4,34,88,94,94
82,54,96,92,20,71,93,6,44,50
64,91,47,70,37,40,81,26,66,62
45,17,59,48,24,38,48,82,45,55
0,43,76,41,71,18,98,96,18,89
93,21,19,74,26,22,29,95,79,82
77,52,96,6,30,17,5,72,88,27
26,30,43,95,43,75,56,26,27,95
61,23,65,60,97,71,36,58,91,76
85,39,76,6,31,51,57,90,8,24
15,21,67,86,50,89,20,28,17,83
45,35,64,21,43,27,88,78,38,99
52,1,70,97,77,67,77,72,47,46
26,87,75,98,53,39,21,90,43,8
7,29,25,25,1,63,83,6,65,44
14,55,66,59,51,8,41,75,44,44
88,75,22,7,66,16,57,16,61,82
91,99,18,80,3,40,99,32,50,56
43,91,6,54,24,37,91,91,11,74
79,75,12,62,98,25,13,79,17,25
16,96,20,24,41,80,88,28,83,53
68,47,60,89,72,71,75,61,23,48
65,1,26,45,68,98,82,21,0,65
3,82,0,13,11,21,66,42,6,90
99,26,48,77,30,77,65,26,53,40
90,89,1,42,93,35,62,88,3,23
66,35,49,68,13,29,32,68,83,80
54,49,97,19,19,15,30,11,46,88
5,45,25,56,12,91,60,93,81,8
32,22,69,74,45,95,89,59,6,2
57,32,69,34,45,35,48,62,99,95
41,92,59,18,36,31,38,91,46,86
62,41,82,40,55,1,85,13,10,60
6,68,79,9,97,4,13,98,52,64
31,69,40,62,75,24,18,31,90,10
25,18,35,28,97,7,93,48,67,33
23,27,83,96,75,63,16,55,83,90
42,26,72,22,62,99,22,90,63,16
30,40,48,58,63,33,12,49,26,27
17,12,93,10,82,51,39,18,60,88
62,49,87,60,7,84,34,83,23,73
0,22,96,73,59,81,50,39,11,76
80,26,1,32,98,15,10,33,92,47
27,22,7,55,90,97,68,29,98,16
91,33,53,37,97,58,66,39,0,95
31,90,33,5,54,33,16,70,56,38
94,4,43,38,16,10,72,63,63,56
81,56,84,17,85,73,16,69,25,37
98,41,0,25,62,45,27,30,55,28
83,2,37,27,34,31,55,16,48,81
87,85,94,35,56,2,0,50,47,36
1,86,83,4,85,78,75,16,74,95
9,21,32,32,56,47,74,21,95,21
91,46,9,37,43,96,2,68,36,75
16,14,4,3,4,5,39,73,43,48
62,20,36,21,75,78,8,12,85,21
69,23,88,60,21,62,23,47,23,50
10,74,40,3,71,7,55,88,25,38
52,16,23,47,35,39,95,34,61,94
18,34,76,12,0,93,31,18,10,17
34,37,12,13,7,95,90,2,58,12
8,93,12,68,36,17,54,36,64,50
23,33,72,49,60,80,91,18,11,47
3,25,27,9,98,46,93,87,85,1
17,74,39,37,84,97,99,12,10,23
43,4,57,22,65,45,69,93,28,4
44,35,12,60,86,97,80,83,5,25
53,48,6,30,15,8,11,73,7,39
18,17,80,37,56,91,72,83,36,53
95,85,71,89,80,69,15,98,12,37
68,91,44,13,63,59,19,36,35,74
60,15,94,42,34,9,5,10,25,74
12,24,82,6,36,37,15,8,51,64
37,0,30,88,7,66,31,18,88,99
30,11,54,55,75,30,97,53,17,6
40,90,5,71,70,23,35,40,9,58
50,82,9,84,3,36,26,47,78,95
13,7,9,8,45,91,92,28,87,10
55,7,32,76,8,34,17,87,7,0
10,38,58,93,44,61,34,67,58,63
9,97,19,25,40,93,65,76,73,45
97,71,5,29,83,67,75,33,31,40
97,55,18,89,5,45,43,91,21,17
81,98,95,37,26,62,11,6,2,30
58,0,57,75,25,45,24,75,48,55
75,37,33,80,69,14,86,33,77,70
34,83,89,57,20,14,33,52,21,7
76,39,72,30,3,30,13,13,35,1
27,17,90,25,39,75,11,37,49,30
71,69,42,15,84,43,21,89,40,28
43,93,87,69,26,35,14,47,41,75
64,85,34,18,75,58,75,56,28,7
95,95,33,22,56,35,28,80,92,42
0,6,73,75,11,84,76,70,59,28
15,10,43,17,91,64,3,66,44,47
61,23,18,86,26,19,18,30,95,41
15,85,93,17,59,72,13,15,94,60
94,35,45,6,92,63,69,72,77,66
23,49,16,18,13,32,55,6,98,68
19,94,26,69,86,19,53,46,3,82
73,29,85,45,40,59,67,75,53,69
34,62,40,32,86,3,69,28,35,61
5,14,2,6,47,19,23,31,90,69
74,6,20,60,39,55,16,70,84,60
2,1,46,42,87,98,47,70,36,80
18,65,47,38,14,41,52,26,94,64
27,71,66,14,96,86,38,63,37,65
0,78,44,85,40,26,3,58,16,56
81,69,66,22,43,34,6,79,96,83
76,31,0,26,76,59,39,35,90,42
98,78,69,98,91,52,44,2,97,96
87,12,0,71,24,24,14,92,61,57
56,50,71,73,28,24,34,19,35,78
92,8,64,56,40,7,24,40,95,62
69,84,93,3,85,97,35,43,45,26
21,75,31,31,15,92,61,19,77,61
79,28,4,68,91,67,9,34,89,98
69,70,87,95,23,32,97,92,64,27
85,35,25,51,45,29,52,97,37,62
6,35,20,73,25,12,95,83,33,58
53,9,13,49,11,47,67,15,87,83
66,51,41,39,1,32,34,1,64,92
73,25,3,85,57,24,47,35,16,24
6,35,21,91,19,33,16,70,42,81
76,71,94,29,76,15,4,71,99,2
18,45,49,56,66,87,62,18,11,64
21,18,17,82,43,25,96,92,23,43
21,62,74,40,75,43,13,13,12,26
14,85,88,80,12,64,1,58,67,95
65,9,19,22,95,98,86,30,64,75
68,46,42,16,83,21,15,71,5,63
20,69,14,22,70,25,96,31,6,46
12,46,0,52,34,67,94,60,14,7
70,79,31,95,87,89,63,91,10,19
0,88,32,10,56,40,61,3,87,87
35,62,6,12,37,90,18,5,23,55
24,8,19,70,8,86,78,5,88,46
65,96,73,68,68,4,30,84,80,56
86,31,6,42,72,9,79,44,58,88
7,75,58,48,70,5,94,72,49,99
28,22,0,50,5,15,48,96,43,82
20,46,92,7,21,14,31,32,71,28
31,44,36,73,39,96,4,84,2,43
87,35,2,2,50,89,21,29,68,64
47,57,65,87,39,15,94,99,82,38
20,43,1,37,72,0,72,84,0,10
92,13,83,50,26,10,31,85,91,91
76,56,94,66,58,77,53,0,40,41
9,82,35,60,48,20,13,77,83,15
43,93,51,77,75,95,21,88,92,78
